365
393
419
450
478
509
533
565
597
625
656
682
706
738
765
794
826
850
884
908
942
967
999
1025
1057
1083
1115
1143
1169
1321
1354
1386
1415
1581
1610
1646
1682
1718
1747
1789
1815
1855
1891
1922
1953
1989
2022
2064
2092
2132
2115
2148
2179
2214
2245
2278
2307
2336
2371
2401
2436
2467
2499
2524
2554
2592
2619
2654
2684
2848
2881
2912
2944
2976
3007
3043
3066
3098
3134
3318
3351
3382
3412
3447
3484
3512
3544
3576
3616
3746
3778
3817
3846
3882
3916
3950
3984
4011
4046
4084
