1000
1395
1688
1960
2223
2491
2762
3016
3269
3548
3804
4030
4283
4537
4790
5044
5297
5551
5804
6254
6646
6942
7238
7534
7830
8126
8422
8718
9014
9310
9606
9902
10199
10495
10791
11087
11383
11679
11975
12279
12577
12874
13170
13466
13762
14058
14354
14650
14946
15242
15778
16087
16396
16705
17014
17324
17634
17945
18256
18575
18990
19435
19881
20327
20774
21221
21669
22117
22565
23014
23463
23912
24362
24813
25264
25715
26167
26619
27071
27532
28041
28564
29088
29611
30135
30660
31185
31711
32238
32764
33292
33819
34347
34876
35405
35935
36465
36996
37528
38074
