3485
4981
5534
6088
6644
7202
7706
8319
8878
9437
9997
10557
11118
11678
12239
12800
13361
13922
14483
16191
17621
18893
20166
21439
22714
23989
25264
26540
27816
29092
30369
31646
32923
34201
35478
36756
38033
39311
40589
41885
43332
44700
46068
47436
48805
50173
51542
52910
54279
55647
57899
59319
60739
62161
63584
65009
66435
67863
69292
70740
72233
73701
75173
76644
78117
79592
81068
82546
84025
89780
91337
92894
94452
96013
97575
99138
100703
102269
103838
110445
112436
114267
116100
117933
119770
121607
123446
125287
127129
132732
134631
136533
138438
140343
142250
144158
146069
147981
149895
151856
